$ANSIBLE_VAULT;1.1;AES256
65353939363066313038346361303666643465613633396363313561356162616437663339383531
6634383961303466363039346536336162623730343436390a346431363030646561653333666134
64323937396537356262653835643937333930666363633535366339393362613538653430393065
3464323833643032390a343238633565396334396430633037653530303762303737353136623231
61616565356138633864633664343464643562623338616638323839646535633233303235383830
32313261666334653931303837323561303231663030363362326132383739396266616537663138
34653966616137366338613366333334336331326234666365323361393935313536666432613232
31663038366334626465346666663865623666653239323134386463386134353033663339636365
39366566663930313737633265623736386333373831373464646634353765396336363466623832
35666337623930376565336431333736666564663865653964326465346662383238353066333237
37363831643235633639336466303364313430643737636639373038303636616435663261666563
65613437383733306439316230363363386136393463623361646436393531633064653935326232
38363536353038633365666430363738376232393266336363613937383265613461643538376538
38626134643135653232636132343231333839376136303034346332633637623361383437336138
61386239653733643264303561383335373335313464623963303233363664343935306534653237
33303730363937313634333135633266336263353666343731633365323839306266333833313061
37313034323963393866366332303334616261643936323966663632633131396230353333343832
30333866373966623533656133346161323964376464646232633033656432653536653963643531
62316537383962393731666231376463373736393634623831636264373063393334336362666430
37353036393138626539383230346262323932326439313663363764653666633637363632666631
34373839623932363734613465636563303030356636656163663733346566343661643565336264
33646537656630303965616138326637626263313266386336303132306462656137376539643833
31643565323130346439623434383037333630353166323661366537376665323436396330373135
65656466376364373961633161316462393731333062646633636430656266636465336363623834
36363634373831303566663135313762356162333161386232393236663836616563666134396335
32643762646436626636313436373538313932353935346234643637343861663333366135656634
36363234663136656539343736313066383866366330393339353838653633336134323036363835
30656636306331393930393530353530316366663463366532636430383563653161373365326235
30366362343061646562633835343635393761336330343136633732316633396433646134396333
30383331393933613162643137373936633332666362653734636233316164663065303537313539
39633738323636363438303464633736303339363630303530383162613536613835626434636639
39643464393935656633376464326364653666616231656566323761313538376165353063333763
34373963336430626161653932306362323261333862356362336266383765363862366237353038
31323431303961306539386164333439353833613666353466316539346161636465393035313437
63666439353565653462353762323137326332626262333438663464396164313562636563633334
31663333303831666234336239363831653564393432613865626465323739353530326533306138
63393235313933346133373233626138663662383562333538323637356633643830383065393262
37333431613033303963376234626563626333633238316634663462326536626564326165313661
36303630643238663633373332646462383036666234313636373539366238313836336363653036
30396331353231393739663239653231663037386331336237373032326439366661393332356438
64383230313464653837346539663637343561363433303533383264633463386233386366383238
66646466383465316132623139353061616263396230366166333839616339316632636236643137
66396537353866386338356465636662353330363263323331653364643535313164323534303962
64386665383961323538666134663432613637326361356530633666646365333963353663393865
38393531376465333830656265353435353566613961336163653837636266663336333037396430
61313836626463393435336663396138323961373163393734316537353263656666373336663839
63333664396263383939333435356462613830666161656532373361343762643035663235353363
61643139363232383465363962353864393234366637363332383065316533646631323566353631
38643263343332623863383366643435323065623132333163363432663364363134633861333838
32643337353833353536323362356462363431393638656633303433353266613136663334396432
65323438363033323665633662643366613139663235393537353862373266373834323363336431
37616561393563666164313362343839386232323866646138356466303062313362666134656538
39643963616564373761633039303566353639316362656635626533353839386165303865346239
37396631633861323163626365376436376637636238313863343961653964343266356134343564
37383235356562373364316566656237386364373164393963643539313634616133303166383137
65373965663863323332616136333230343937616531663034653562363463643030326461663832
33306661666266653838353537653334633630396365653231393763333331663932386562396362
31653538653166623161383332633261663738303938616164626563656431376262313336613136
38303035363761343664373463383131353032343939343364626338613663623537663937373938
35666330623933373136343036396435646362383463393731656639653138353063363433333163
33643639386437333330656331303164343532306630303237623431336566306139626538626133
65396335393666356566616533633034363439633564616437313264363830353031613433333633
63353939336333343638393638663366636462356430353534663162313666396532303232386562
32646365303033366563356430663462353532303564396631356434366630363261666565373537
38373739633736306639323332336665353638643736626563303835356235376636613634333330
37623637323430303730336430653739353065313435643363616135653137306136383563613162
63663533613266316363343731383939633962313731343833323231313730366637656535633764
61336361613335316333326333386439386562346630653965336230656364633262313662383139
62616335363537343866363633346563643236313034303836343930343136643736386330303535
37386534376234656235323865373234613938663331326166363062383261336539376636643636
36326635613462623938383031366639353532663263366133663636383261623831343939376533
33646637663635643235353036616336626563363532366337646531353033353165623638653135
61343531303561326466356334393030646437306337643166666666653234613236653864376336
39306261373431616362336561663032633734343362353637303730383739346265653034613134
30653739363433313236396434363666363634623065316239376535363038663034393661376461
63393633373535653731663139373230373831353861376662333138623362323233393333653964
37353630373031303735376564653333643161306232623335373139366262353363613363613165
39393062623931356637303937333165343233623634336462333636313566633537363938633534
34336237333465316133333637623637623939633436353037643733336139653838343539343238
65616633366339663031303465393235323465313563336661336361373038633461396465316562
64616366306361643338323261333232383838633437633564316538636661386234366339316435
31343839393462653830656631366439303666313864653664306337633238396464373031333932
39396562366135393561323865333037373639386537343235363465666566633439356439373930
66363831326361656466616665363231313138376461336638663164373662356363393837323537
36633534383161343234353639363564656538636438363331393665313135396464396239383132
31633036626439613230373234336262356638313533363435356463396136326263633231346637
30343331613135636334313738633830343563303730303830366561616332626131386432326433
39613031623431643936663538393831366636333561373739656134353533323039373137376431
32373961323561636136343063346532393034643463333661373866656630356439636639653639
37323933333161623065636133393864376262376238626637303163313463303435636161646133
36616162373336396334613261616563613865363330356533623331396163626134626530326238
35613534313933306561643436333866363539613334636162656535366162323263376366393961
34303637356630336136306535303863353961343932363638666264653161366436353966326139
34353361646232333536396366313963656463636336663162323936633736633133643236663531
38313832313365613162646337326234373036333136656438623339303765633535616130353762
32383931316663636165386562323762326262393563313938326466343062356430333864613434
65386335323133363463326539373038666233613639396166663339346130353264666638333361
34383037323739333232303538396333346230613231653638303331633531633263336636346635
63653538653733346238393438343863373633366139643735393837633536653364626631316530
65353364663431376634656661653133343437323165373732336565316637646234373561393331
61313462303632633966346665333639386562383330623038343561663865613734636239376661
32333833333861383763323132323264303363346633663939643237333430356636393435323639
39663733633762636561383761653832663966623131303436623530663734323534653530376131
34333463333662363236396138663438343565386263303964646236386235636261656565663934
63323531633564616666326435316638653337323065633135663139393335383233643239643931
33313132653938323761633238306662656339373066326238616339336365326533373134303139
64383137393936346263613234653735366430613837626631633262326438623165313231636230
65346165663762336634646433656135643536363230323964376635656335366538656231343535
65656465373362346463653865346661346333333631366133643662653834323362653064643066
39616435396264393437356630323730336466653061343164623364323763646334633437373561
65626338376565353037326161626139323934316537646130373139633864613637363835656539
63643639623330316534313364333934386630656566643963353564646337373162383834386461
35396536363231613262613939376164383937656634383235326638353430653634313566613039
38316631353566666434313536383439366565323937623262653730643232326339616338353738
39666465303762346638363830653130323235633666316532616232303962643335663664353035
61366464333238383832323632373137623765336336393334343265336630303464663235336162
62643366663064666535393164343031643432623563613863313032313863356234643033616231
38343164353230336538323030653538383538323665633431333066623938366430646531363938
33616666373932303363313265623037663437366139333230323161306332303562363664313230
39396337613037323937363235393835346663623536626234613936636136353232633635346431
62313239356238303161386138356432336330376665356262306339323563313265636233313534
65613835383363306435306535366137346230396262663539393031323061353132336261666339
64333662613633366537316630656338616534333463666533623836366561613439323738613066
34373534343665303531663966396332386565366161623138613234363833303437366632373935
63613834316130343562303264373436663331616465313362343632333965356262316361373662
30636339663363623561663633616662366162376462383937616162393031376438323434333237
39326435346633633166633534336662393338643732666538366439613536646630306431303262
38366233636431613138343765326163386562326564616663323631663738373337666335316539
38366464636130663363643737623266316330663335643162346133663562633964343436306339
66353562313764336630666535613137626535363531383734313737353338333731633262333132
38313164336630353434636439333432666338653839636561386534616237633633636534656162
31663865646462316364656533303562316333386638333865653330663938656262663735393162
33663135306335383832616236373139316462326661376130303935333231663165393932333063
38656136616163636635383033313738373235663534646137303031353062336530633636303131
63306433633036323964333736626161633233316663653930326331633338323836623436643630
39393036366235353665363865623232376638323661313137373932383231333537303131373661
6139
