$ANSIBLE_VAULT;1.1;AES256
61623964326131653665336335616437383334633338356433363139636464636630616566323336
6462633733326363326438643131393363393635373335650a336162383038626536626331303932
62616533366537383063373532643533393935343035383062333039393632623262343539336637
6136613061386263380a333833623330666138643336316339353238396665626631336262663831
36623139666232326632623632363165616430366233346535663432316562366361316432363232
38643864313434353639376165623963623263386466326430353836666438306338373534636635
66343435303366666363343835303462636261383464626234633530333435656230663332626333
39636530653235343564343638363339646533396630316563336466386434303832656463353431
61623933613065356264626530343566626363653164303039346533633037646639643433616266
30353761376137333863643635333765656132623131366232363933303632396138303834653038
63333462323831326364646433643362336361303861363364616338323861363036363934306565
64363336653563326231336234613334303830313261346139623031333635396535323637663065
63313834356337663866623637346165643437656439633437396462636262363265323134373562
64376430353065616361633432393135393935626230373666353039373566333538643766363364
31396262313362383132613233346166373465313863383132616534366431363064363464643265
37623162623063313834313764653666393731383962343439633134303837383834363739346464
38336338663031376531306364656139616661376333633330626533653163393135646639316436
31613864346532353764653431613033633533363565333139346663376338613263326564613237
37633330396635306532636561313036326239373463613434373036373131326330396630376433
36616465643264303337633531616665643262633434346637353139653439613731343236303339
39336132393463633531656563663565616135636233613337323264616361333666383335386661
31396334616534623838346431346130643238336665336661303834653933336534623030303030
61613337373732363130353339393733336631396361336366643366383734323834323164393739
61636336653831376530666631633365376139653839623038643065356233396431656161643564
35373762623634376538626362656131363435303861636636313665336139626132353233366564
61643164643838666264376266663232366331656539333335633962333635636564373938656530
61636139353064326333653230633466633766646233636431326337313465636139353530383162
38663038333939303464646564623033343231613030306661353861323062653464653764336166
63363363613136313563643334623964613065333563396431373561376331366431323961636234
63363434343765396166653639306666353261366234303165383861386435376561663532353239
31393864373836343238303630623261626362313134613438363963363163393930643430313765
63633031326532326438316465393961326161623433393163323365303039376665343430656638
30373738623562343333393331303563623565643632636262393463376231366432633262376464
65653333356439353030636630306532366261373365613933626138393332326265666565643933
66633263316265383166623765333135333230386633323937383362633732346239313939386633
61373865336138396664306634613730323339663962333733643435353262653461386637386536
65383337626634313963663534326330666464323937313966396365363635623365643062633038
36383130393130363937623539643564336439323934646232346166343530373263666636396239
36303936306634396333646533353334313430633237396530633661613262386537313630653561
62656661303230333166323938333733313539346566333835393462633665616630653836643331
61383832313536356365313736613163333231383136356232373865613432336161376137336236
35623761626138343364616235306333643139643334386230336464336639313638623234393036
31633835636332616633313862373561393461366430303336626562343961613333613463313836
32613037373261363764646535303335376162323063633538353432663736353934353637333237
32313838333233383030336332626263636261396630303231613837316133656435643661383466
34333837353832303335363931313762353036623239356434376261303933633665623634396561
66636434613533373037363866316235653536356436643462303735396634363934396637353736
38616134363239313732373733393130306266393263653666663735336137633564386538306438
65663332333838353236663136333734393166643137393465336462353330343764616333363339
31396465643861616432646436346333336363646338333030396265663761373033653762646163
39643562373035616233643666613730356633626637623238313539366366643161346262333262
33633734376338623737393765636633393736666264326466356537303733346231653162343866
64396433383463623837326134393239383738353532656437346137666666303739613631313730
65646533383236396262613230303665376537613866623335363033303937663839386533313037
31613836376438633138653039386134383635383038633933376336353866636235353331373636
39333264333337643937313139313236386165323065366430323332313430643037616334326664
30303465643537386232643031633963646630393630343636663362613733316131343238353463
61313861386532653862373132383531323632336562613263316362653537366361303962663531
31336231373661303666663861313563313039333365633434303636323532323733373562316663
30373031363766633638356537663536373239653264666365363263633532613136303064326636
30306133613866663166353133303736616566306163363566613935643138343561373434633761
31643865383232323930373736353333386334613137356665666531323630333738666638323935
34376666306538653862393537373430646538323137393833663133313339313332306334353666
38636163383838656433313661346335643364333636303333326533353362323031303230616431
64316665343365333630343264636661313063376336383639656161336139393561346430613566
65373665633039636664393865636332616239376536623566323930363933383734373561643130
39316138623962396233626539623834343033393163386366613535313734343631356235303862
38373662616565373266396536663039353130386431373039636238333834633234666662383330
62353765613530356437626135626162356163613035666563326132636132313464313531613934
34613539316138623034326135393065643962306537306661616639396632626539666235383264
35333965323562393164333839663164393234346238613433343166386665363736386239643931
65303532376330333561643034666263303765363335616262343065633330666661626636313639
66373333343764373635626331663439353761333665653337663631643239353731376234333932
35633139646661663336643964303134656365396462653634633264646236626262656338666232
31643864323130643939323839346236643962353862636137633430626138653763373436653238
30383135366161326666363036336666343338313830323462623137313761323361356336663364
34376464623063313263653762653364386438616532316534613161666534633239373332323136
62336436623637363233613864333135643330643938373735623665393136656466626162623831
36653437666263616135643734383865633935393330653465393766343866633130653838646666
66303138386632643330393737643530303466313433396635646131383634353530373831313235
33306362303961653862323330626634346662613366626638326131636533653837636238633935
63313339616261383161393162303235323235313634643337313637343463383830366663643964
31396137383964306431323834303961346563343538623633616461363732363663323064363839
39316531643133626632323162383662366537616534646361376431303239346638666561333337
63393938373836376462353365623961376634666638633532386166316161373838646335313934
65376465323532613461643230666666323838366633353130383162306431356166383839623734
65383065306564396631643262333362376637666164393833306363326539623164643730353537
38633735306666373432363865386262623965353732666136616433336330333966643765376664
63343266313861346532626262373734306238396333656534353063656236363637326563663133
62646332326233326361393037313266316266326136306331343266313736346538376365346332
65316330343233633636343333383339326461336566363031636138613265333162643265646364
33346638303865303563393530326330303636363533306234333061306162336238323533353862
64316261666461373666636331303562393239643437353836346466333032323361313065373834
33666362373139313966646538643632323031353330626664623637383165663835623837653730
64643164323662316638626439383832326235376566643130396561306633663961323761636366
62613432393131636438333962376137313865313633386537636438636230666631616137333732
36353936316161323637366639643364663265356364323438653165666532623365346235323138
64323731336165643232656439333234373730343666316565366534376266303330643961353164
30363064303137363738633965396165326432363036646665663438663936626433333535626238
65613463616132393931323836386666383834666263303166336630373837386363633932366636
62323339313538383663383039326162643731303463316662386636356566393061363063356638
66356239383037336533656334616662656335316165643232613838653634616365373738373433
35623434623736646434633134316163356661656563626638343130313363383838653934346532
65383164323232656138393433336535353734326430346336333164383362323361336333326434
39663033323066383963666665613562653237346664643730356332386332326430663261346664
33336139303435626538663864623663316532633963623330353431653836343361376538353835
65336433366535333534646630376139306632656335393037646436626135663763656230616463
32376239626165646463383534393438656330646234343139663666633939373130326361656365
65346261643737336436343430313362366133376162633637633462383061363232663565323834
36656264663863613434353737376235616239346164633235623666383534643334616439303335
33373230643630306338626136653765316239623636363665376133393639306539396262636465
38643338303465666634303336616537356430366362636266353866376165383235333031313231
33613064666639393063336364343766326165653764386165646366646538326266356333326537
32343463326338343934376464336337643935343037386434363636343363313864666261393531
35376264373761383832363764366631643838386663353838633731653231316334633938363837
33366136376530323066323234323965313961323139343361376439306434383031613632643565
38353861306663306134613034336439383665396531333733313636373831363533396137303161
35393434633063363030663432326230326639383134313439356335623236363739666235333330
39313230653832353734623030306639313961326566346536343364383038643862303532316462
63386162393730336536393233303666396363393163303462356564393336373763626537396339
37366537346631666261666563646162666137633261616639386533333961396163373666353763
30623030666238613933626136353836656465653531636332396230373534616464386166366166
32303865663435323063346531363337613335613535333737306136396639306236616263376461
30623331616565366264653235303837393936386132643039313466306430626661356131346432
30303334663966326264363631643234653037653031343136343831666537353733373633356538
37656232656163633635336132313930313834646137633566313066613531643437373766353264
32313530306334613639643931616563393230636238373536626434303932626532613633313761
37633863636333366661633537633966653064376363393630316161383832363533323438656463
64393339323036326136653939366637626463666663386539616563376262616336356339666331
33616565356439333034616136643263623634343539393137393936633231333162356665653261
38646432303233336233313666623438353563326330633036616336383630373963373833303162
34336263613961383966393464326361633364643463356434383738396339633061316466303236
36303032663033666366303433376563396539656333303362373831666132653665326163346338
33316430316530353634386135346233313365613062373465623437656639396265363561653538
63316431373264653436653462666132303036643032306665383937343861316166633933363234
33373265633865333734613136333435326563326638323164393862386134336665663931343564
3964
