$ANSIBLE_VAULT;1.1;AES256
39346461333966663834663935313661653566663832396162366433393136376434316539653663
3661353061333965653630303333376338663762323538630a376264323261323536366233333630
62653339313334383936613262653665316161393833353463356435393032383530303138363963
3334353765396537630a363431383764386536343633653735396238333865366330616339336663
32373466666166663061363164643430393261663962366161663337303438626162383863336335
33613065346634326262373363386530383165396666326433326133353632613734373032373732
63356339363362646265666462383366383766613664303237646562663466653463323962653938
31666233393835376533303464373761386632313865393937666230623131363765623733323461
31626135366631333164393537633962623234626561383431613964356565336138376639326362
37393866346436663930323633336166636263346231643762663231333038653861323835636238
34643438353432303230303736393437636662623035663835393662303363396236356130373432
39643737383634343964356435353031363039646131643466316539316134656431633439623235
37643635653539383164646266376430626339633031303136333736613163653737663562636231
63623462633239373563373438613030396135623961363336336664303836653730386437343234
31646564373562613933376564353163313531386436376262636338333662626565633533616464
30366531303762653464383861653331353631343634306166666566363034333538336163613063
35636361363438363438646263363439353961666330653561326336663963383530636335646633
34316463396366386662643665633361646462363861663039396131613135333739366637663864
36366631616536646566663830303838336165323531643735376438383665396566633963346231
39623463393934323535623630643339613363656561613934333031656430313335353839336631
3862
