$ANSIBLE_VAULT;1.1;AES256
31303564666664323161353765373037646230343831323939396237303535316263373865643665
3038616132353537343734633262613530393763373330310a666661393837386133373264636161
37666263333535363862353037343963326538613231633165633764333236363863343763633436
6564336465396464360a663733623065616166333130396438643530363238663362313331373532
31666366316361376639396134626361303239333433636461373132616430613734613530613064
63343835393930326437393865353265613565323635346462643031653561336663616566623563
33626535656536336339383462666531653232653330306639323038333936343136326335373137
34636330653036336539646639376366633761656462383238346235653636616539393330616536
39343436333933356531306138303831323532346466633137386330303962313832626139383333
66346636663432623937393464666134623666613534633639623037323062303564316432393838
33316563616463653761373538383466623063653437303330396661653539326235343135356132
32353230306162333166356434303839306262396331656134393930323863626666663431646261
35393566666563363336353438323036356237623364376235333139313537316238626266616261
64393866373833613564383165633335663066303131643338653137326364643664306465373561
62306439366163323834653561333065616562666431376333383263303766323331393734663735
65643662663735623363663736636636303133663561356139653865663965636362313863663362
39623336626136613336333238303263666662313438333535376361663636636663363833353933
62663337393262613365383139313932386336316565333039393063306536393434636138346236
32636466356666306635666232643430386530663061356530343138616530373863633564343535
34333766306333393439633539303533313735343136363439623737633730313566363261653538
34383736333636333635306365336334353062656262646464386131396133346532316633303536
66373839366232373639323763376431663938326262366565343233666236616436666134393338
38303434386332323565336437363761623365333863653232373137313535366165366532323535
33363036323030643463
