$ANSIBLE_VAULT;1.1;AES256
32343334396531303334363935623034666237336238393438343865623231386531666365613238
3331383265646132333332633836383464323437623332370a323466653936626634616365346632
63636163636136626562613630363234366439653733663364623262646632366237373231333965
3165666137643935630a373761613865643161313231666465376437363063303631343661623661
38613836346666623864323333623431373138666530396663376437656235326135346431613136
37363464333964303661646233633632643331313430333062666530383933613837343234623061
64383237393162663366386562316663323139303365303736386163656534333463663133303361
34646365316335636664343730303032366339356166623236653235613430323162323939323833
65303363623839363731636635383839393034373261326632313838356233373862396136663737
39393466356632343165326334623632613963666338366231343139636264633433353266663265
35356563383262346539393834313861363533646466623165343231373262323861633266333435
31393032353937396630353133396232386163303663333439346332373335613732626463396161
37656639386164613736643234393730633331306438303665386534663662346232326163386236
63326536383839653735373862663538373436363862623765393138663537626631306632383831
63306163343566653361306235333265323037623336316661643237393537323537346635633332
61643436393362353235353566336639626139653766613039353234616662363965393236663466
61303138303036343839663737333034323033643633373332383835613862363239393037303233
33323361316531663263623265653935373361316231616134393330656438376362393161666636
31363431643466626239306262343936656664636562646538363238323562353135386438373662
65643961646537386334613235333062613337323363383063386263343037316364346665346239
39376566383330623765366530613133666330343637323933643936643762333463326636336464
38356136316139396166386262663430376331386262386237343631373263343533643666623964
63373334303463393365643531363032613538323863306265663763353837623036343937363134
33313830303862353965346333653363326465386465616530323730316139656537643130653466
33393162303039653161633363333231613465366638656636646636386231633166353861303234
35623762373465666161326433393664666564633964316562633564323236343337393363626362
38356234633964613934656465373366323130633636316561666630636439343462316661643964
32303632663235366538376163323430666330303463623538353466616435383039646432366635
66323637333165353936356364383262393163363038353739386664323464623161303230326130
64316365373339653435396266623733313962643730373761366330383663363330663032393764
63323833373063393762663433363966323730343765373632313837353837643639346131353362
32396230646634366264646232303631396663383230616133303838666531373736396565343431
62313339636139343333313762643936663736643962656666636334653931656430613033636639
30646362313032626637303834613865643035653037663536353162633865333565313332656331
62363165333236663962623164633939363862653765326332323732343765666162643238363964
66303230333261326432613363333062353463623337646433643762633761306437343238333364
36666562366362663731363835393337666264376230356530363665386139366133366632376230
64663366613262316562633831313463343463626239376264346662393037656331366335303965
64386536346533613232396539393664613032343633383636383564376464303261663330333338
37373334353662373334323130653864613634623833656330353235616664326664623162333564
65353638353238373630393037356132323461643534653262633532633834333031363230383139
39626132363061393966653039363133616639353461336235306136333034326239353962386632
39656333373538326433396431386231376363386134656166633532303862333834343535633765
31336633366437346530336262653564656431373731333333633932623632356132376366363364
30663064353534383166396538633431383061383636363763656266613637363661643634646339
65376438326633373936356137663965633564653631666136383139343834316434366562376466
37363835326237396636396136316163633864343232383762666339663233613832653039663034
31363431343932656237356436643762623239373465393064303963323635363265636638616237
61306534616161316662393161343961333862343332363461306563393661623631313630396232
30356133643433633137353436303234366335643962613332353061373563356664653566333465
34653332643932663665326531626662653535306432626335636534666661653539313566633539
36353635363031356330336463343464666331313235383964353934303637666639623537616261
63623233313338336163366663316332336464363637656639653033333437353261653536396235
64333934313438356531623939346636343465376334323835663730373937616238626361333163
30316161633436613833303635613635666364353462623734306266653964396134626661363933
34383338373133613438646639313630636465643631373965656531316133336638633463613263
39636432623135633330613961616339383536333339363339643930656530383132363133306532
32303438363034333661376639376335616431626239396131373161333632373962343832306134
39623333346433316139316538336631626631386431336566336332323862663533326532316664
61666462346365333435343939623762356236386263613565313830636433396435303265396262
30633231323434316334393631383662363637613437633561376236336330653331323765356535
63653738313934366237306462363636653639346531366161306562653566346361393364393937
39393638366532373939396530346335343263373635386565373239303739373731623936663933
30376239616136663532633735323137393032633165313630386531666133326535316432653333
35336632303064353935393639313237313837653531303633643632333237366333613534336639
62376435386665623936653534386235616163366266373264633131636561313764373564303766
31393539623639303333626535663936623461313732336238343432353934626235396161356430
38343131396136633961336165623239633630373039356562323762613061363939353162643037
65343632323064303633363130313661643366663563616337343835623261383463343130326234
38313238363431626130363939333631613834613166333734353931663032646332613734346537
65376466363230613733626138646463396361633966643834623230363661313333666332336432
38623434313063653366326364323632646361636566383766666133366339353738313538336135
39323933646265376633316633643438346539346132346635323063366535326337323666616365
61616330633735323364323734663133353438313638353930313632663161303461626164333430
66373635313961326432653830663637396664643865356238343065356666323330316333643561
65626338386163626238313366323935623034666132336435316631373538653430303435643436
64323634346331376565353063303661623731626338393430303233383432613939333439333536
37346266306464653430323138353831386333663635386563386232333938326638396431643764
31356230663662383665383962313664333238343865646162643537383335383864393532326430
39323732663565643930363632316364306439616130653839616632623432343330386136323132
61663163343561376464666164633534656131623962646365313964363266343865356437616437
31646234663132613862393837393737636337393230376136353265336235343037336566326461
64353563646531313666643061376633373033393836376462656334636165636237383565653533
39636566336238326638313864656564613632666266336561653734623164336131306261636537
35393130623033646534353335356563663564663462636535653462393737643437353063636261
66666535383736346432623634333533623930356666623534653064343732363632313833613137
30613437653531393834366638393537663964383264643835636635363362353332663035616535
30663638373437636261
