$ANSIBLE_VAULT;1.1;AES256
30303538643165373966396533343466323662656431623330643965313964396566303337653534
3231393439376337643264633339363237613438666538320a646430326438376330373136346535
39623362336165623334373731333637646636646561333231633666313734343430346661363338
3666313535353332330a376633333337616663366534646332393963646662376461316361353061
30353137396561626166353234636561383936316163386366633663663138346665663434393739
34636338383962373061626261353539356432306662366263383963393761626661633061376638
62343964656264346332336565666133353766623962386330623866616566396266306233366336
65323764393563386233303065366665613338626263643566373165376636393031323265643531
66306166643535346236343133633238313230366139366232393938336431663834313731383561
30373237316462356530373232393733343036333963623732313663373939303861626436663964
33393238386632393736646339666564306638623230646132353235613661323665393333633062
32666662346134663530303639366630303436356263303165316165366234306565316163396135
33346535646639633033386465326331353830353562373536333032333963383636303536346263
66303734613466323665643331623934346666356132366135356664323031303766383537346230
30316632336437313065336530356631306139333163326666336562633131306431393834303133
33656262383331363035333165373931353963316564373334343533306635666230663536363961
34363366346233396237303636663066376635313736653766636536313332383633306563303138
38306532666361316466363164323935666639336139653161626234366530343532346432623337
34333164656363303064353965313362386531323432383831393964626564383335663162356135
36336539666464393434383933633731376636646561636661663231636132663339666634363265
39323965393539393739373762626262333465373364653438356462303434323733313734383033
37636539383337646163326233656563383535633738616264323738663436623762386539373536
62653530376165343533653965653561383932323564343034656661343133363966326439356163
38643234343931643838386138363463393339623731303465306362663637623266393561393731
3235
