$ANSIBLE_VAULT;1.1;AES256
63616662633733383831663861386666623338316561306332663833336534383163326237333337
3334643331303830303535613032646466653537303133660a393538373064623835646165656137
64343533613138646231383539386335373930653633616538303963366232363337383630623264
3362393837376533310a383339346132656435336132376262393836613763326636396332376135
34393334626162346330323837656138376561346239373333366537376538656161376239643936
39363962613162343632396436353339623238643761343861343433346232663338653763643863
32333066643033393463653965366539393535653839303832663731663061353736313263316334
32313534323834303333303535663466386662653037396330383132323336613737366565336439
33333538323132303466643365386339303537663034363734623030376332653934323262656432
31633364333961306230343438383830343665663165303265626130336637316533663062393134
31336339383930633938636633623164383362616536323131373031383633653464643733316562
35666135323735633865653265366663386434356531373135626461303538373839633332333739
35636633373363643763366163616533303265653863636237613832323966373363316166613065
61303466623564346433303062336438316362336534616264663136343737313431623534616630
35343461323265376534303331383564373438616566336230386362613434323233636164333737
38646334323361306430373736326362646238343638623031393030633539306134373433303239
37636330343463646132653133333135373239343862316235636161313134343964333834303830
33393162666162393766626137396265383365313138376336303132613762353561343839656562
64663639653465303263613734666332323662646538373735666266643036633430343363653432
38623632393763326262366163333465376263323933656337643832643839366662666533623733
64393965313431323062663566366134373262643565303034376563356536646261613464383564
30636238363561666663396165643230633466343333656339373966643661373234343838646436
39663836313831646539643564366432396132623033343862636464343637663666663237323731
64646463303265316462396265333865643866343163656132313366633339616637393231373438
6638
